cov_for_all_k:
[[0.06335417 0.12958333 0.19752083 0.27141667 0.3554375  0.44395833
  0.53852083 0.6296875  0.71670833 0.79804167 0.86639583 0.92345833
  0.96325    0.9855     0.99564583 0.999      0.999875   1.
  1.        ]
 [0.03069565 0.0661087  0.11052174 0.16215217 0.2233913  0.29508696
  0.37654348 0.46197826 0.55063043 0.64       0.72804348 0.80726087
  0.87528261 0.92695652 0.96458696 0.98656522 0.99673913 0.99958696
  1.        ]
 [0.02325    0.04920455 0.07868182 0.118      0.16779545 0.23252273
  0.30870455 0.38906818 0.47952273 0.56897727 0.65806818 0.74522727
  0.823      0.88677273 0.93536364 0.97075    0.99168182 0.99870455
  0.99993182]
 [0.02159524 0.04347619 0.07007143 0.10295238 0.1482619  0.20521429
  0.27609524 0.35788095 0.44802381 0.53761905 0.6277381  0.71619048
  0.79383333 0.86004762 0.91528571 0.95759524 0.98497619 0.99630952
  0.99964286]
 [0.0206     0.041075   0.06655    0.099175   0.141975   0.19665
  0.263425   0.339925   0.429125   0.518      0.609925   0.699525
  0.778525   0.8458     0.899025   0.94685    0.978725   0.994775
  0.999575  ]
 [0.02028947 0.04168421 0.06765789 0.09957895 0.13944737 0.19173684
  0.25534211 0.33021053 0.41181579 0.50155263 0.59494737 0.68636842
  0.76721053 0.83502632 0.89044737 0.93686842 0.97365789 0.99218421
  0.999     ]
 [0.02161111 0.04380556 0.06761111 0.09647222 0.13563889 0.18513889
  0.2465     0.32130556 0.40386111 0.49083333 0.58188889 0.67283333
  0.756      0.82588889 0.88313889 0.93325    0.97       0.99163889
  0.99913889]
 [0.02188235 0.04394118 0.06897059 0.09705882 0.13447059 0.18152941
  0.24170588 0.313      0.39361765 0.48008824 0.5725     0.66408824
  0.74814706 0.81991176 0.87991176 0.92826471 0.96685294 0.98985294
  0.999     ]
 [0.02415625 0.04771875 0.0718125  0.09965625 0.13684375 0.1831875
  0.24315625 0.3095     0.3891875  0.47390625 0.56659375 0.65790625
  0.74421875 0.8159375  0.872875   0.92378125 0.96365625 0.9879375
  0.998625  ]
 [0.02496667 0.0501     0.0768     0.1047     0.14303333 0.1901
  0.24803333 0.31526667 0.3946     0.4748     0.56353333 0.65056667
  0.73513333 0.80603333 0.86656667 0.91906667 0.9621     0.98806667
  0.99863333]
 [0.02560714 0.05403571 0.08092857 0.11060714 0.14667857 0.19339286
  0.24921429 0.31667857 0.3895     0.47157143 0.55928571 0.64932143
  0.73110714 0.80114286 0.85907143 0.91328571 0.95860714 0.98682143
  0.99864286]
 [0.02919231 0.05742308 0.08588462 0.117      0.15542308 0.20315385
  0.25942308 0.32430769 0.39784615 0.47669231 0.56723077 0.65380769
  0.73246154 0.80080769 0.85719231 0.90723077 0.95419231 0.98434615
  0.99842308]
 [0.03241667 0.06295833 0.0945     0.12841667 0.16708333 0.21366667
  0.268625   0.33308333 0.40770833 0.484125   0.569      0.650125
  0.72925    0.79525    0.85383333 0.9055     0.95195833 0.98308333
  0.99825   ]
 [0.03404545 0.06777273 0.10018182 0.13859091 0.17895455 0.224
  0.28090909 0.34272727 0.40736364 0.48077273 0.56095455 0.64422727
  0.72459091 0.79672727 0.85495455 0.90718182 0.95259091 0.98268182
  0.99768182]
 [0.0349     0.06935    0.10245    0.14045    0.1805     0.2273
  0.2807     0.3382     0.4016     0.4727     0.55085    0.63495
  0.72065    0.79555    0.8574     0.9085     0.95135    0.98335
  0.9968    ]
 [0.03572222 0.073      0.10627778 0.14105556 0.17461111 0.21855556
  0.26838889 0.32561111 0.38888889 0.45666667 0.53772222 0.62522222
  0.71533333 0.79483333 0.85844444 0.90755556 0.95077778 0.98122222
  0.99744444]
 [0.036      0.0705625  0.1038125  0.1348125  0.1691875  0.2064375
  0.2485625  0.3018125  0.3645     0.4345     0.515125   0.6115
  0.7106875  0.794      0.860875   0.910125   0.952625   0.981875
  0.997     ]
 [0.03664286 0.06942857 0.10164286 0.13328571 0.16128571 0.19207143
  0.22828571 0.27535714 0.3375     0.411      0.49335714 0.59264286
  0.70185714 0.79228571 0.861      0.91042857 0.9495     0.98042857
  0.99635714]
 [0.03433333 0.066      0.09633333 0.12525    0.15391667 0.18208333
  0.21716667 0.2605     0.32208333 0.39016667 0.48141667 0.5845
  0.69516667 0.79391667 0.86558333 0.91241667 0.94775    0.97516667
  0.99566667]
 [0.0313     0.0605     0.0911     0.1148     0.1409     0.1656
  0.2008     0.2419     0.2976     0.3702     0.4579     0.5689
  0.6867     0.7885     0.8591     0.9031     0.9397     0.9758
  0.9959    ]]